127.10712432861328 47.28346456692913
128.9255828857422 322.4409448818898
126.26464080810547 49.76377952755906
128.87655639648438 322.4409448818898
134.2180633544922 322.4409448818898
138.22286987304688 47.75590551181103
141.0829620361328 48.77952755905512
142.4695587158203 45.0
142.94786071777344 42.91338582677166
145.86338806152344 42.795275590551185
146.5630645751953 40.51181102362205
151.7296905517578 37.952755905511815
157.27809143066406 38.22834645669292
159.17127990722656 36.968503937007874
160.1805419921875 34.4488188976378
166.93670654296875 36.259842519685044
167.5432891845703 36.06299212598425
171.17355346679688 35.70866141732284
177.11317443847656 35.0
179.0523223876953 34.52755905511811
187.70240783691406 32.51968503937008
189.79124450683594 32.71653543307087
190.59860229492188 32.55905511811024
202.07688903808594 30.157480314960633
201.71725463867188 29.7244094488189
202.50096130371094 28.818897637795278
212.4023895263672 27.99212598425197
217.1985626220703 27.125984251968504
231.9734649658203 26.141732283464567
231.0576629638672 25.94488188976378
240.94253540039062 24.56692913385827
240.3189697265625 23.818897637795278
245.71942138671875 23.188976377952756
248.66018676757812 23.031496062992126
268.87957763671875 21.968503937007874
265.6634521484375 21.61417322834646
272.8258361816406 20.590551181102363
278.4081115722656 19.645669291338585
288.88543701171875 18.661417322834648
312.6058044433594 17.440944881889763
312.4119873046875 16.692913385826774
312.1658630371094 15.354330708661418
348.8676452636719 14.448818897637796
340.8048095703125 13.89763779527559
358.8981018066406 12.559055118110237
358.3112487792969 11.10236220472441
371.2292175292969 10.078740157480315
375.0224609375 9.015748031496063
391.91082763671875 7.913385826771654
402.15216064453125 6.614173228346457
417.1124572753906 5.708661417322835
417.53106689453125 5.275590551181103
416.53515625 4.803149606299213
413.8056640625 4.606299212598426
412.0009460449219 4.52755905511811
416.69378662109375 4.488188976377953
415.9996643066406 4.3700787401574805
417.50408935546875 4.330708661417323
417.9950256347656 4.291338582677166
421.0776062011719 4.094488188976378
419.18902587890625 4.094488188976378
417.4931640625 4.133858267716536
422.28375244140625 4.05511811023622
416.18670654296875 4.05511811023622
417.8100280761719 4.015748031496063
417.4905700683594 4.05511811023622
417.2365417480469 3.937007874015748
420.3922424316406 3.937007874015748
418.17474365234375 3.9763779527559056
417.77294921875 4.133858267716536
418.13616943359375 3.9763779527559056
419.673583984375 3.937007874015748
419.27301025390625 4.015748031496063
416.9483642578125 3.8976377952755907
414.439697265625 3.8582677165354333
416.3432312011719 3.9763779527559056
412.25299072265625 4.05511811023622
415.9002685546875 4.015748031496063
415.0563049316406 3.8582677165354333
415.90765380859375 3.8582677165354333
416.0013427734375 3.937007874015748
413.5633850097656 3.937007874015748
414.5128479003906 3.9763779527559056
415.95623779296875 4.015748031496063
419.87457275390625 3.8582677165354333
414.373046875 4.015748031496063
415.8932800292969 3.937007874015748
416.1019287109375 4.05511811023622
416.21905517578125 3.8976377952755907
418.0284729003906 4.05511811023622
