1.3 -0.791661400277 0.770828259172
1.301 -0.792703222315 0.769786749005
1.302 -0.793745044352 0.768745238838
1.303 -0.79478686639 0.767703728672
1.304 -0.795828688427 0.766662218505
1.305 -0.796870510465 0.765620708339
1.306 -0.797912332502 0.764579198172
1.307 -0.79895415454 0.763537688005
1.308 -0.799995976577 0.762496177839
1.309 -0.801037798615 0.761454667672
1.31 -0.802079620652 0.760413157506
1.311 -0.801037924784 0.760413122076
1.312 -0.799996228916 0.760413086646
1.313 -0.798954533048 0.760413051216
1.314 -0.797912837179 0.760413015787
1.315 -0.796871141311 0.760412980357
1.316 -0.795829445443 0.760412944927
1.317 -0.794787749574 0.760412909497
1.318 -0.793746053706 0.760412874068
1.319 -0.792704357838 0.760412838638
1.32 -0.791662661969 0.760412803208
1.321 -0.792704442386 0.759371255563
1.322 -0.793746222803 0.758329707919
1.323 -0.794788003219 0.757288160274
1.324 -0.795829783636 0.756246612629
1.325 -0.796871564052 0.755205064984
1.326 -0.797913344469 0.754163517339
1.327 -0.798955124886 0.753121969694
1.328 -0.799996905302 0.752080422049
1.329 -0.801038685719 0.751038874405
1.33 -0.802080466135 0.74999732676
1.331 -0.80208038008 0.749997247286
1.332 -0.802080294025 0.749997167811
1.333 -0.802080207969 0.749997088337
1.334 -0.802080121914 0.749997008863
1.335 -0.802080035858 0.749996929389
1.336 -0.802079949803 0.749996849914
1.337 -0.802079863748 0.74999677044
1.338 -0.802079777692 0.749996690966
1.339 -0.802079691637 0.749996611492
1.34 -0.802079605581 0.749996532018
1.341 -0.802079585788 0.751038172762
1.342 -0.802079565994 0.752079813507
1.343 -0.8020795462 0.753121454252
1.344 -0.802079526407 0.754163094997
1.345 -0.802079506613 0.755204735742
1.346 -0.802079486819 0.756246376487
1.347 -0.802079467025 0.757288017232
1.348 -0.802079447232 0.758329657976
1.349 -0.802079427438 0.759371298721
1.35 -0.802079407644 0.760412939466
1.351 -0.801037866697 0.760413055024
1.352 -0.79999632575 0.760413170581
1.353 -0.798954784804 0.760413286138
1.354 -0.797913243857 0.760413401696
1.355 -0.79687170291 0.760413517253
1.356 -0.795830161963 0.76041363281
1.357 -0.794788621016 0.760413748368
1.358 -0.793747080069 0.760413863925
1.359 -0.792705539123 0.760413979483
1.36 -0.791663998176 0.76041409504
1.361 -0.790622297943 0.758330734318
1.362 -0.78958059771 0.756247373597
1.363 -0.788538897477 0.754164012875
1.364 -0.787497197243 0.752080652153
1.365 -0.78645549701 0.749997291432
1.366 -0.785413796777 0.74791393071
1.367 -0.784372096544 0.745830569989
1.368 -0.783330396311 0.743747209267
1.369 -0.782288696078 0.741663848545
1.37 -0.781246995845 0.739580487824
1.371 -0.780205334717 0.738538828837
1.372 -0.779163673589 0.737497169851
1.373 -0.778122012461 0.736455510864
1.374 -0.777080351333 0.735413851878
1.375 -0.776038690204 0.734372192891
1.376 -0.774997029076 0.733330533905
1.377 -0.773955367948 0.732288874918
1.378 -0.77291370682 0.731247215932
1.379 -0.771872045692 0.730205556945
1.38 -0.770830384564 0.729163897959
1.381 -0.768747039259 0.7281222141
1.382 -0.766663693954 0.72708053024
1.383 -0.764580348649 0.726038846381
1.384 -0.762497003344 0.724997162522
1.385 -0.760413658039 0.723955478663
1.386 -0.758330312734 0.722913794804
1.387 -0.756246967429 0.721872110945
1.388 -0.754163622124 0.720830427086
1.389 -0.752080276819 0.719788743227
1.39 -0.749996931514 0.718747059367
1.391 -0.749996948339 0.717705413593
1.392 -0.749996965163 0.716663767819
1.393 -0.749996981988 0.715622122045
1.394 -0.749996998813 0.71458047627
1.395 -0.749997015637 0.713538830496
1.396 -0.749997032462 0.712497184722
1.397 -0.749997049287 0.711455538948
1.398 -0.749997066112 0.710413893174
1.399 -0.749997082936 0.709372247399
1.4 -0.749997099761 0.708330601625
1.401 -0.746871912035 0.70520542626
1.402 -0.743746724309 0.702080250896
1.403 -0.740621536583 0.698955075531
1.404 -0.737496348857 0.695829900166
1.405 -0.734371161131 0.692704724802
1.406 -0.731245973405 0.689579549437
1.407 -0.728120785679 0.686454374073
1.408 -0.724995597953 0.683329198708
1.409 -0.721870410228 0.680204023343
1.41 -0.718745222502 0.677078847979
1.411 -0.714578626858 0.672912245919
1.412 -0.710412031214 0.66874564386
1.413 -0.70624543557 0.6645790418
1.414 -0.702078839926 0.660412439741
1.415 -0.697912244282 0.656245837681
1.416 -0.693745648638 0.652079235622
1.417 -0.689579052994 0.647912633562
1.418 -0.68541245735 0.643746031502
1.419 -0.681245861706 0.639579429443
1.42 -0.677079266062 0.635412827383
1.421 -0.671871046436 0.631246266277
1.422 -0.666662826811 0.62707970517
1.423 -0.661454607185 0.622913144063
1.424 -0.65624638756 0.618746582956
1.425 -0.651038167934 0.614580021849
1.426 -0.645829948308 0.610413460743
1.427 -0.640621728683 0.606246899636
1.428 -0.635413509057 0.602080338529
1.429 -0.630205289431 0.597913777422
1.43 -0.624997069806 0.593747216315
1.431 -0.618746814806 0.588538635441
1.432 -0.612496559806 0.583330054567
1.433 -0.606246304806 0.578121473693
1.434 -0.599996049806 0.572912892819
1.435 -0.593745794806 0.567704311945
1.436 -0.587495539806 0.562495731071
1.437 -0.581245284806 0.557287150197
1.438 -0.574995029806 0.552078569323
1.439 -0.568744774806 0.546869988449
1.44 -0.562494519806 0.541661407574
1.441 -0.554161309086 0.535411509647
1.442 -0.545828098365 0.52916161172
1.443 -0.537494887645 0.522911713792
1.444 -0.529161676925 0.516661815865
1.445 -0.520828466205 0.510411917938
1.446 -0.512495255484 0.50416202001
1.447 -0.504162044764 0.497912122083
1.448 -0.495828834044 0.491662224155
1.449 -0.487495623323 0.485412326228
1.45 -0.479162412603 0.479162428301
1.451 -0.464579198014 0.465620867734
1.452 -0.449995983426 0.452079307167
1.453 -0.435412768837 0.438537746601
1.454 -0.420829554248 0.424996186034
1.455 -0.40624633966 0.411454625467
1.456 -0.391663125071 0.397913064901
1.457 -0.377079910482 0.384371504334
1.458 -0.362496695894 0.370829943767
1.459 -0.347913481305 0.357288383201
1.46 -0.333330266716 0.343746822634
1.461 -0.322913683096 0.333330238807
1.462 -0.312497099475 0.322913654981
1.463 -0.302080515855 0.312497071154
1.464 -0.291663932234 0.302080487327
1.465 -0.281247348614 0.291663903501
1.466 -0.270830764994 0.281247319674
1.467 -0.260414181373 0.270830735847
1.468 -0.249997597753 0.260414152021
1.469 -0.239581014132 0.249997568194
1.47 -0.229164430512 0.239580984367
1.471 -0.218747856675 0.230206067042
1.472 -0.208331282837 0.220831149716
1.473 -0.197914709 0.21145623239
1.474 -0.187498135163 0.202081315064
1.475 -0.177081561325 0.192706397739
1.476 -0.166664987488 0.183331480413
1.477 -0.156248413651 0.173956563087
1.478 -0.145831839814 0.164581645761
1.479 -0.135415265976 0.155206728436
1.48 -0.124998692139 0.14583181111
1.481 -0.116656269267 0.136452319758
1.482 -0.108313846395 0.127072828407
1.483 -0.0999714235228 0.117693337055
1.484 -0.0916290006507 0.108313845703
1.485 -0.0832865777787 0.0989343543515
1.486 -0.0749441549067 0.0895548629999
1.487 -0.0666017320346 0.0801753716482
1.488 -0.0582593091626 0.0707958802965
1.489 -0.0499168862906 0.0614163889449
1.49 -0.0415744634185 0.0520368975932
1.491 -0.0374170170766 0.0468332078338
1.492 -0.0332595707348 0.0416295180745
1.493 -0.0291021243929 0.0364258283152
1.494 -0.0249446780511 0.0312221385559
1.495 -0.0207872317093 0.0260184487966
1.496 -0.0166297853674 0.0208147590373
1.497 -0.0124723390256 0.015611069278
1.498 -0.00831489268376 0.0104073795187
1.499 -0.00415744634193 0.00520368975941
1.5 -9.13921716084e-14 1.143946049e-13
1.501 0.00624995029195 -0.00416663032212
1.502 0.012499900584 -0.00833326064434
1.503 0.0187498508761 -0.0124998909666
1.504 0.0249998011682 -0.0166665212888
1.505 0.0312497514603 -0.020833151611
1.506 0.0374997017524 -0.0249997819332
1.507 0.0437496520445 -0.0291664122554
1.508 0.0499996023366 -0.0333330425776
1.509 0.0562495526287 -0.0374996728998
1.51 0.0624995029208 -0.0416663032221
1.511 0.07395775309 -0.0499995797463
1.512 0.0854160032594 -0.0583328562706
1.513 0.0968742534288 -0.066666132795
1.514 0.108332503598 -0.0749994093193
1.515 0.119790753768 -0.0833326858437
1.516 0.131249003937 -0.091665962368
1.517 0.142707254106 -0.0999992388924
1.518 0.154165504276 -0.108332515417
1.519 0.165623754445 -0.116665791941
1.52 0.177082004614 -0.124999068465
1.521 0.18645686341 -0.134373940428
1.522 0.195831722205 -0.143748812391
1.523 0.205206581001 -0.153123684354
1.524 0.214581439796 -0.162498556317
1.525 0.223956298592 -0.17187342828
1.526 0.233331157387 -0.181248300243
1.527 0.242706016183 -0.190623172206
1.528 0.252080874978 -0.199998044169
1.529 0.261455733774 -0.209372916132
1.53 0.270830592569 -0.218747788095
1.531 0.281247155979 -0.229164348599
1.532 0.291663719389 -0.239580909102
1.533 0.302080282798 -0.249997469605
1.534 0.312496846208 -0.260414030109
1.535 0.322913409618 -0.270830590612
1.536 0.333329973027 -0.281247151116
1.537 0.343746536437 -0.291663711619
1.538 0.354163099847 -0.302080272123
1.539 0.364579663256 -0.312496832626
1.54 0.374996226666 -0.322913393129
1.541 0.384371176957 -0.33228834254
1.542 0.393746127247 -0.34166329195
1.543 0.403121077538 -0.351038241361
1.544 0.412496027828 -0.360413190771
1.545 0.421870978119 -0.369788140182
1.546 0.43124592841 -0.379163089592
1.547 0.4406208787 -0.388538039002
1.548 0.449995828991 -0.397912988413
1.549 0.459370779281 -0.407287937823
1.55 0.468745729572 -0.416662887234
1.551 0.47603587127 -0.424994770581
1.552 0.483326012967 -0.433326653927
1.553 0.490616154665 -0.441658537274
1.554 0.497906296362 -0.449990420621
1.555 0.50519643806 -0.458322303967
1.556 0.512486579757 -0.466654187314
1.557 0.519776721455 -0.474986070661
1.558 0.527066863152 -0.483317954007
1.559 0.53435700485 -0.491649837354
1.56 0.541647146548 -0.499981720701
1.561 0.54894019652 -0.506233028004
1.562 0.556233246492 -0.512484335308
1.563 0.563526296465 -0.518735642611
1.564 0.570819346437 -0.524986949915
1.565 0.57811239641 -0.531238257218
1.566 0.585405446382 -0.537489564522
1.567 0.592698496354 -0.543740871825
1.568 0.599991546327 -0.549992179129
1.569 0.607284596299 -0.556243486432
1.57 0.614577646272 -0.562494793736
1.571 0.618744598736 -0.566661721337
1.572 0.622911551201 -0.570828648939
1.573 0.627078503666 -0.57499557654
1.574 0.63124545613 -0.579162504142
1.575 0.635412408595 -0.583329431743
1.576 0.63957936106 -0.587496359345
1.577 0.643746313524 -0.591663286946
1.578 0.647913265989 -0.595830214548
1.579 0.652080218454 -0.599997142149
1.58 0.656247170919 -0.604164069751
1.581 0.65937217507 -0.608330736235
1.582 0.662497179221 -0.61249740272
1.583 0.665622183372 -0.616664069204
1.584 0.668747187523 -0.620830735689
1.585 0.671872191674 -0.624997402173
1.586 0.674997195825 -0.629164068657
1.587 0.678122199976 -0.633330735142
1.588 0.681247204127 -0.637497401626
1.589 0.684372208278 -0.641664068111
1.59 0.687497212429 -0.645830734595
1.591 0.690622144631 -0.647914006324
1.592 0.693747076832 -0.649997278052
1.593 0.696872009034 -0.652080549781
1.594 0.699996941235 -0.654163821509
1.595 0.703121873437 -0.656247093238
1.596 0.706246805638 -0.658330364966
1.597 0.70937173784 -0.660413636695
1.598 0.712496670041 -0.662496908424
1.599 0.715621602243 -0.664580180152
1.6 0.718746534444 -0.666663451881
1.601 0.720829932429 -0.66978850783
1.602 0.722913330414 -0.672913563779
1.603 0.724996728399 -0.676038619729
1.604 0.727080126383 -0.679163675678
1.605 0.729163524368 -0.682288731628
1.606 0.731246922353 -0.685413787577
1.607 0.733330320338 -0.688538843526
1.608 0.735413718323 -0.691663899476
1.609 0.737497116307 -0.694788955425
1.61 0.739580514292 -0.697914011375
1.611 0.741663795006 -0.699997294372
1.612 0.74374707572 -0.702080577369
1.613 0.745830356434 -0.704163860366
1.614 0.747913637148 -0.706247143364
1.615 0.749996917862 -0.708330426361
1.616 0.752080198576 -0.710413709358
1.617 0.75416347929 -0.712496992355
1.618 0.756246760003 -0.714580275353
1.619 0.758330040717 -0.71666355835
1.62 0.760413321431 -0.718746841347
1.621 0.761454957128 -0.719788480077
1.622 0.762496592824 -0.720830118806
1.623 0.76353822852 -0.721871757536
1.624 0.764579864216 -0.722913396265
1.625 0.765621499912 -0.723955034994
1.626 0.766663135608 -0.724996673724
1.627 0.767704771304 -0.726038312453
1.628 0.768746407 -0.727079951183
1.629 0.769788042697 -0.728121589912
1.63 0.770829678393 -0.729163228642
1.631 0.771871469695 -0.731246674553
1.632 0.772913260997 -0.733330120465
1.633 0.773955052299 -0.735413566376
1.634 0.774996843601 -0.737497012288
1.635 0.776038634903 -0.739580458199
1.636 0.777080426205 -0.741663904111
1.637 0.778122217507 -0.743747350022
1.638 0.779164008809 -0.745830795934
1.639 0.780205800112 -0.747914241845
1.64 0.781247591414 -0.749997687757
1.641 0.780205785946 -0.749997550758
1.642 0.779163980479 -0.749997413759
1.643 0.778122175011 -0.74999727676
1.644 0.777080369543 -0.749997139762
1.645 0.776038564076 -0.749997002763
1.646 0.774996758608 -0.749996865764
1.647 0.773954953141 -0.749996728765
1.648 0.772913147673 -0.749996591766
1.649 0.771871342205 -0.749996454767
1.65 0.770829536738 -0.749996317768
1.651 0.771871315799 -0.749996429417
1.652 0.772913094861 -0.749996541067
1.653 0.773954873923 -0.749996652716
1.654 0.774996652984 -0.749996764365
1.655 0.776038432046 -0.749996876014
1.656 0.777080211107 -0.749996987663
1.657 0.778121990169 -0.749997099312
1.658 0.779163769231 -0.749997210962
1.659 0.780205548292 -0.749997322611
1.66 0.781247327354 -0.74999743426
1.661 0.782288922052 -0.749997368835
1.662 0.783330516751 -0.749997303411
1.663 0.784372111449 -0.749997237986
1.664 0.785413706147 -0.749997172562
1.665 0.786455300846 -0.749997107137
1.666 0.787496895544 -0.749997041712
1.667 0.788538490242 -0.749996976288
1.668 0.789580084941 -0.749996910863
1.669 0.790621679639 -0.749996845439
1.67 0.791663274338 -0.749996780014
1.671 0.789579880974 -0.748955052709
1.672 0.78749648761 -0.747913325405
1.673 0.785413094246 -0.7468715981
1.674 0.783329700882 -0.745829870796
1.675 0.781246307518 -0.744788143491
1.676 0.779162914154 -0.743746416186
1.677 0.77707952079 -0.742704688882
1.678 0.774996127426 -0.741662961577
1.679 0.772912734062 -0.740621234273
1.68 0.770829340698 -0.739579506968
1.681 0.771871017646 -0.741662843818
1.682 0.772912694594 -0.743746180668
1.683 0.773954371541 -0.745829517518
1.684 0.774996048489 -0.747912854367
1.685 0.776037725437 -0.749996191217
1.686 0.777079402385 -0.752079528067
1.687 0.778121079332 -0.754162864917
1.688 0.77916275628 -0.756246201767
1.689 0.780204433228 -0.758329538617
1.69 0.781246110175 -0.760412875467
1.691 0.781246207518 -0.759371307946
1.692 0.781246304861 -0.758329740426
1.693 0.781246402204 -0.757288172905
1.694 0.781246499547 -0.756246605384
1.695 0.78124659689 -0.755205037864
1.696 0.781246694233 -0.754163470343
1.697 0.781246791576 -0.753121902823
1.698 0.781246888919 -0.752080335302
1.699 0.781246986262 -0.751038767781
1.7 0.781247083605 -0.749997200261
