1.3 -0.812497104532 0.802080466667
1.301 -0.812497037393 0.802080401965
1.302 -0.812496970254 0.802080337262
1.303 -0.812496903115 0.802080272559
1.304 -0.812496835976 0.802080207857
1.305 -0.812496768837 0.802080143154
1.306 -0.812496701698 0.802080078452
1.307 -0.812496634559 0.802080013749
1.308 -0.81249656742 0.802079949046
1.309 -0.812496500281 0.802079884344
1.31 -0.812496433142 0.802079819641
1.311 -0.812496490151 0.802079874306
1.312 -0.812496547161 0.802079928972
1.313 -0.812496604171 0.802079983637
1.314 -0.812496661181 0.802080038302
1.315 -0.812496718191 0.802080092967
1.316 -0.812496775201 0.802080147632
1.317 -0.812496832211 0.802080202297
1.318 -0.812496889221 0.802080256962
1.319 -0.812496946231 0.802080311628
1.32 -0.812497003241 0.802080366293
1.321 -0.813538691208 0.801038727994
1.322 -0.814580379176 0.799997089694
1.323 -0.815622067143 0.798955451395
1.324 -0.816663755111 0.797913813096
1.325 -0.817705443078 0.796872174797
1.326 -0.818747131046 0.795830536498
1.327 -0.819788819013 0.794788898198
1.328 -0.820830506981 0.793747259899
1.329 -0.821872194948 0.7927056216
1.33 -0.822913882916 0.791663983301
1.331 -0.82187219178 0.791663956774
1.332 -0.820830500643 0.791663930247
1.333 -0.819788809507 0.79166390372
1.334 -0.818747118371 0.791663877193
1.335 -0.817705427234 0.791663850666
1.336 -0.816663736098 0.791663824139
1.337 -0.815622044962 0.791663797613
1.338 -0.814580353826 0.791663771086
1.339 -0.813538662689 0.791663744559
1.34 -0.812496971553 0.791663718032
1.341 -0.813538539874 0.791663627998
1.342 -0.814580108194 0.791663537965
1.343 -0.815621676515 0.791663447931
1.344 -0.816663244835 0.791663357897
1.345 -0.817704813156 0.791663267864
1.346 -0.818746381477 0.79166317783
1.347 -0.819787949797 0.791663087797
1.348 -0.820829518118 0.791662997763
1.349 -0.821871086438 0.791662907729
1.35 -0.822912654759 0.791662817696
1.351 -0.821871025447 0.791662847907
1.352 -0.820829396136 0.791662878118
1.353 -0.819787766824 0.791662908329
1.354 -0.818746137512 0.79166293854
1.355 -0.8177045082 0.791662968752
1.356 -0.816662878888 0.791662998963
1.357 -0.815621249577 0.791663029174
1.358 -0.814579620265 0.791663059385
1.359 -0.813537990953 0.791663089596
1.36 -0.812496361641 0.791663119808
1.361 -0.811454763428 0.791663182865
1.362 -0.810413165215 0.791663245923
1.363 -0.809371567002 0.791663308981
1.364 -0.808329968789 0.791663372039
1.365 -0.807288370576 0.791663435097
1.366 -0.806246772363 0.791663498155
1.367 -0.80520517415 0.791663561212
1.368 -0.804163575937 0.79166362427
1.369 -0.803121977724 0.791663687328
1.37 -0.802080379511 0.791663750386
1.371 -0.802080373657 0.789580419225
1.372 -0.802080367803 0.787497088063
1.373 -0.802080361949 0.785413756902
1.374 -0.802080356095 0.78333042574
1.375 -0.80208035024 0.781247094579
1.376 -0.802080344386 0.779163763417
1.377 -0.802080338532 0.777080432256
1.378 -0.802080332678 0.774997101094
1.379 -0.802080326824 0.772913769933
1.38 -0.80208032097 0.770830438772
1.381 -0.801038655894 0.76978877373
1.382 -0.799996990818 0.768747108688
1.383 -0.798955325742 0.767705443647
1.384 -0.797913660666 0.766663778605
1.385 -0.79687199559 0.765622113563
1.386 -0.795830330514 0.764580448522
1.387 -0.794788665438 0.76353878348
1.388 -0.793747000362 0.762497118438
1.389 -0.792705335286 0.761455453397
1.39 -0.79166367021 0.760413788355
1.391 -0.789580339454 0.758330456061
1.392 -0.787497008699 0.756247123768
1.393 -0.785413677944 0.754163791474
1.394 -0.783330347189 0.75208045918
1.395 -0.781247016434 0.749997126886
1.396 -0.779163685679 0.747913794593
1.397 -0.777080354923 0.745830462299
1.398 -0.774997024168 0.743747130005
1.399 -0.772913693413 0.741663797712
1.4 -0.770830362658 0.739580465418
1.401 -0.768746999544 0.737497105646
1.402 -0.766663636429 0.735413745875
1.403 -0.764580273315 0.733330386103
1.404 -0.762496910201 0.731247026331
1.405 -0.760413547086 0.72916366656
1.406 -0.758330183972 0.727080306788
1.407 -0.756246820858 0.724996947017
1.408 -0.754163457744 0.722913587245
1.409 -0.752080094629 0.720830227473
1.41 -0.749996731515 0.718746867702
1.411 -0.746871715641 0.714580191955
1.412 -0.743746699767 0.710413516208
1.413 -0.740621683894 0.706246840462
1.414 -0.73749666802 0.702080164715
1.415 -0.734371652146 0.697913488968
1.416 -0.731246636272 0.693746813221
1.417 -0.728121620398 0.689580137475
1.418 -0.724996604525 0.685413461728
1.419 -0.721871588651 0.681246785981
1.42 -0.718746572777 0.677080110234
1.421 -0.713538325226 0.672913523006
1.422 -0.708330077676 0.668746935777
1.423 -0.703121830125 0.664580348548
1.424 -0.697913582575 0.660413761319
1.425 -0.692705335024 0.656247174091
1.426 -0.687497087473 0.652080586862
1.427 -0.682288839923 0.647913999633
1.428 -0.677080592372 0.643747412405
1.429 -0.671872344821 0.639580825176
1.43 -0.666664097271 0.635414237947
1.431 -0.659372364981 0.629164171964
1.432 -0.652080632692 0.62291410598
1.433 -0.644788900402 0.616664039997
1.434 -0.637497168112 0.610413974013
1.435 -0.630205435822 0.60416390803
1.436 -0.622913703533 0.597913842046
1.437 -0.615621971243 0.591663776063
1.438 -0.608330238953 0.58541371008
1.439 -0.601038506664 0.579163644096
1.44 -0.593746774374 0.572913578113
1.441 -0.585413615573 0.563538748027
1.442 -0.577080456773 0.554163917941
1.443 -0.568747297972 0.544789087855
1.444 -0.560414139172 0.535414257769
1.445 -0.552080980372 0.526039427683
1.446 -0.543747821571 0.516664597598
1.447 -0.535414662771 0.507289767512
1.448 -0.52708150397 0.497914937426
1.449 -0.51874834517 0.48854010734
1.45 -0.510415186369 0.479165277254
1.451 -0.495831835634 0.466665253208
1.452 -0.481248484899 0.454165229161
1.453 -0.466665134164 0.441665205115
1.454 -0.452081783429 0.429165181068
1.455 -0.437498432694 0.416665157022
1.456 -0.422915081959 0.404165132975
1.457 -0.408331731224 0.391665108929
1.458 -0.393748380489 0.379165084882
1.459 -0.379165029754 0.366665060836
1.46 -0.364581679019 0.354165036789
1.461 -0.355206586446 0.344789951538
1.462 -0.345831493874 0.335414866286
1.463 -0.336456401302 0.326039781035
1.464 -0.327081308729 0.316664695783
1.465 -0.317706216157 0.307289610532
1.466 -0.308331123585 0.29791452528
1.467 -0.298956031013 0.288539440029
1.468 -0.28958093844 0.279164354777
1.469 -0.280205845868 0.269789269526
1.47 -0.270830753296 0.260414184274
1.471 -0.261455847942 0.249997622489
1.472 -0.252080942588 0.239581060703
1.473 -0.242706037234 0.229164498918
1.474 -0.23333113188 0.218747937132
1.475 -0.223956226526 0.208331375347
1.476 -0.214581321171 0.197914813562
1.477 -0.205206415817 0.187498251776
1.478 -0.195831510463 0.177081689991
1.479 -0.186456605109 0.166665128205
1.48 -0.177081699755 0.15624856642
1.481 -0.166665123916 0.14479033441
1.482 -0.156248548077 0.133332102399
1.483 -0.145831972237 0.121873870389
1.484 -0.135415396398 0.110415638379
1.485 -0.124998820558 0.0989574063685
1.486 -0.114582244719 0.0874991743582
1.487 -0.10416566888 0.0760409423479
1.488 -0.0937490930404 0.0645827103376
1.489 -0.083332517201 0.0531244783273
1.49 -0.0729159413617 0.041666246317
1.491 -0.0656243472255 0.0374996216852
1.492 -0.0583327530893 0.0333329970535
1.493 -0.0510411589532 0.0291663724218
1.494 -0.043749564817 0.0249997477902
1.495 -0.0364579706809 0.0208331231585
1.496 -0.0291663765447 0.0166664985268
1.497 -0.0218747824086 0.0124998738951
1.498 -0.0145831882724 0.00833324926345
1.499 -0.0072915941363 0.00416662463177
1.5 -1.6028844918e-13 9.15864606377e-14
1.501 0.00833327410236 -0.00624995590228
1.502 0.0166665482049 -0.0124999118047
1.503 0.0249998223075 -0.0187498677071
1.504 0.03333309641 -0.0249998236095
1.505 0.0416663705125 -0.031249779512
1.506 0.0499996446151 -0.0374997354144
1.507 0.0583329187176 -0.0437496913168
1.508 0.0666661928202 -0.0499996472192
1.509 0.0749994669227 -0.0562496031217
1.51 0.0833327410253 -0.0624995590241
1.511 0.0947910446804 -0.0718745333875
1.512 0.106249348336 -0.0812495077511
1.513 0.117707651991 -0.0906244821146
1.514 0.129165955646 -0.0999994564781
1.515 0.140624259301 -0.109374430842
1.516 0.152082562956 -0.118749405205
1.517 0.163540866611 -0.128124379569
1.518 0.174999170266 -0.137499353932
1.519 0.186457473922 -0.146874328296
1.52 0.197915777577 -0.156249302659
1.521 0.20729069946 -0.165624231028
1.522 0.216665621343 -0.174999159396
1.523 0.226040543226 -0.184374087764
1.524 0.235415465109 -0.193749016132
1.525 0.244790386992 -0.203123944501
1.526 0.254165308875 -0.212498872869
1.527 0.263540230758 -0.221873801237
1.528 0.272915152641 -0.231248729606
1.529 0.282290074524 -0.240623657974
1.53 0.291664996407 -0.249998586342
1.531 0.301039980326 -0.259373564542
1.532 0.310414964246 -0.268748542742
1.533 0.319789948165 -0.278123520942
1.534 0.329164932085 -0.287498499142
1.535 0.338539916004 -0.296873477342
1.536 0.347914899924 -0.306248455541
1.537 0.357289883843 -0.315623433741
1.538 0.366664867763 -0.324998411941
1.539 0.376039851683 -0.334373390141
1.54 0.385414835602 -0.343748368341
1.541 0.394789795758 -0.352081666085
1.542 0.404164755913 -0.360414963829
1.543 0.413539716068 -0.368748261573
1.544 0.422914676224 -0.377081559316
1.545 0.432289636379 -0.38541485706
1.546 0.441664596534 -0.393748154804
1.547 0.45103955669 -0.402081452548
1.548 0.460414516845 -0.410414750292
1.549 0.469789477 -0.418748048036
1.55 0.479164437156 -0.42708134578
1.551 0.487497776935 -0.435414681032
1.552 0.495831116714 -0.443748016284
1.553 0.504164456493 -0.452081351536
1.554 0.512497796272 -0.460414686787
1.555 0.520831136051 -0.468748022039
1.556 0.52916447583 -0.477081357291
1.557 0.537497815609 -0.485414692543
1.558 0.545831155388 -0.493748027795
1.559 0.554164495167 -0.502081363047
1.56 0.562497834946 -0.510414698299
1.561 0.569789450541 -0.516664651632
1.562 0.577081066136 -0.522914604964
1.563 0.584372681731 -0.529164558297
1.564 0.591664297326 -0.53541451163
1.565 0.598955912921 -0.541664464962
1.566 0.606247528516 -0.547914418295
1.567 0.613539144112 -0.554164371627
1.568 0.620830759707 -0.56041432496
1.569 0.628122375302 -0.566664278293
1.57 0.635413990897 -0.572914231625
1.571 0.640622335165 -0.578122575151
1.572 0.645830679432 -0.583330918677
1.573 0.6510390237 -0.588539262203
1.574 0.656247367967 -0.593747605729
1.575 0.661455712235 -0.598955949255
1.576 0.666664056502 -0.60416429278
1.577 0.67187240077 -0.609372636306
1.578 0.677080745037 -0.614580979832
1.579 0.682289089305 -0.619789323358
1.58 0.687497433572 -0.624997666884
1.581 0.689580725986 -0.629164286298
1.582 0.6916640184 -0.633330905712
1.583 0.693747310814 -0.637497525125
1.584 0.695830603228 -0.641664144539
1.585 0.697913895641 -0.645830763953
1.586 0.699997188055 -0.649997383367
1.587 0.702080480469 -0.654164002781
1.588 0.704163772883 -0.658330622195
1.589 0.706247065297 -0.662497241609
1.59 0.708330357711 -0.666663861022
1.591 0.710413630535 -0.668747136695
1.592 0.71249690336 -0.670830412367
1.593 0.714580176184 -0.67291368804
1.594 0.716663449009 -0.674996963712
1.595 0.718746721833 -0.677080239384
1.596 0.720829994657 -0.679163515057
1.597 0.722913267482 -0.681246790729
1.598 0.724996540306 -0.683330066401
1.599 0.727079813131 -0.685413342074
1.6 0.729163085955 -0.687496617746
1.601 0.730204774419 -0.688538305696
1.602 0.731246462882 -0.689579993646
1.603 0.732288151345 -0.690621681595
1.604 0.733329839809 -0.691663369545
1.605 0.734371528272 -0.692705057495
1.606 0.735413216735 -0.693746745445
1.607 0.736454905199 -0.694788433395
1.608 0.737496593662 -0.695830121344
1.609 0.738538282125 -0.696871809294
1.61 0.739579970589 -0.697913497244
1.611 0.741663325209 -0.699996850869
1.612 0.74374667983 -0.702080204494
1.613 0.74583003445 -0.704163558118
1.614 0.747913389071 -0.706246911743
1.615 0.749996743692 -0.708330265368
1.616 0.752080098312 -0.710413618993
1.617 0.754163452933 -0.712496972617
1.618 0.756246807553 -0.714580326242
1.619 0.758330162174 -0.716663679867
1.62 0.760413516795 -0.718747033492
1.621 0.762496848554 -0.721872026244
1.622 0.764580180313 -0.724997018996
1.623 0.766663512073 -0.728122011748
1.624 0.768746843832 -0.7312470045
1.625 0.770830175591 -0.734371997252
1.626 0.772913507351 -0.737496990004
1.627 0.77499683911 -0.740621982756
1.628 0.777080170869 -0.743746975508
1.629 0.779163502629 -0.74687196826
1.63 0.781246834388 -0.749996961013
1.631 0.781246886367 -0.749997010912
1.632 0.781246938346 -0.749997060812
1.633 0.781246990325 -0.749997110712
1.634 0.781247042303 -0.749997160611
1.635 0.781247094282 -0.749997210511
1.636 0.781247146261 -0.749997260411
1.637 0.78124719824 -0.74999731031
1.638 0.781247250219 -0.74999736021
1.639 0.781247302197 -0.749997410109
1.64 0.781247354176 -0.749997460009
1.641 0.782288883005 -0.7499973291
1.642 0.783330411835 -0.749997198191
1.643 0.784371940664 -0.749997067281
1.644 0.785413469493 -0.749996936372
1.645 0.786454998323 -0.749996805463
1.646 0.787496527152 -0.749996674553
1.647 0.788538055981 -0.749996543644
1.648 0.789579584811 -0.749996412735
1.649 0.79062111364 -0.749996281826
1.65 0.791662642469 -0.749996150916
1.651 0.791662728657 -0.751037899359
1.652 0.791662814845 -0.752079647802
1.653 0.791662901032 -0.753121396245
1.654 0.79166298722 -0.754163144688
1.655 0.791663073408 -0.755204893131
1.656 0.791663159596 -0.756246641574
1.657 0.791663245783 -0.757288390017
1.658 0.791663331971 -0.75833013846
1.659 0.791663418159 -0.759371886903
1.66 0.791663504346 -0.760413635346
1.661 0.792705137455 -0.760413609677
1.662 0.793746770564 -0.760413584009
1.663 0.794788403672 -0.76041355834
1.664 0.795830036781 -0.760413532672
1.665 0.796871669889 -0.760413507003
1.666 0.797913302998 -0.760413481335
1.667 0.798954936107 -0.760413455666
1.668 0.799996569215 -0.760413429998
1.669 0.801038202324 -0.760413404329
1.67 0.802079835432 -0.760413378661
1.671 0.802079807915 -0.761455011296
1.672 0.802079780398 -0.762496643932
1.673 0.80207975288 -0.763538276568
1.674 0.802079725363 -0.764579909203
1.675 0.802079697845 -0.765621541839
1.676 0.802079670328 -0.766663174475
1.677 0.80207964281 -0.76770480711
1.678 0.802079615293 -0.768746439746
1.679 0.802079587775 -0.769788072382
1.68 0.802079560258 -0.770829705017
1.681 0.802079618366 -0.769788100322
1.682 0.802079676474 -0.768746495627
1.683 0.802079734582 -0.767704890932
1.684 0.80207979269 -0.766663286237
1.685 0.802079850797 -0.765621681541
1.686 0.802079908905 -0.764580076846
1.687 0.802079967013 -0.763538472151
1.688 0.802080025121 -0.762496867456
1.689 0.802080083229 -0.761455262761
1.69 0.802080141337 -0.760413658065
1.691 0.80103517261 -0.760410481542
1.692 0.799990203882 -0.760407305019
1.693 0.798945235154 -0.760404128496
1.694 0.797900266427 -0.760400951973
1.695 0.796855297699 -0.760397775451
1.696 0.795810328972 -0.760394598928
1.697 0.794765360244 -0.760391422405
1.698 0.793720391517 -0.760388245882
1.699 0.792675422789 -0.760385069359
1.7 0.791630454061 -0.760381892836
